95247
81165
22472
81320
68613
82870
86121
72416
62937
15387
12085
82197
36015
56517
9502
93597
50325
46652
4187
57233
40744
96252
88514
99446
99815
43407
7991
99900
32640
55326
51741
5249
83319
75373
44044
97557
17151
67483
90156
99614
30477
54824
45310
53785
13687
70236
6833
10340
63690
50123
86070
86288
15297
9157
40293
90550
34975
71721
38983
85309
69216
44878
98952
4271
39205
14241
167
28646
25207
81480
80366
11132
14903
86824
69651
10815
96918
74789
57923
56369
53557
31954
6006
96208
17046
56754
23186
86499
72169
26353
64060
88189
96748
74106
99621
34697
56895
74974
5274
28769
31118
58032
86066
11932
34880
39378
26542
26426
49020
50912
98448
16801
91885
5216
36282
42648
74091
74968
51545
48562
28679
55162
19408
83097
55156
94251
85806
46187
54496
66633
30050
44823
86528
1690
18520
69712
41996
71837
20571
69066
4446
68660
41567
93317
91865
28435
61298
84724
10777
83953
71319
51909
23227
54496
50315
26691
43411
91229
83998
45765
84866
66883
83614
92400
4995
16129
32562
63656
53591
42809
53136
14103
11466
33541
92891
71315
21607
60902
42198
25784
84900
13272
43577
31729
98743
92483
71141
24506
29861
65384
24242
29971
21385
57859
20273
39384
85700
45041
82531
84994
97876
46449
75196
61202
5509
43443
63911
39189
92546
10014
99920
13161
87346
52599
14502
22790
39269
65305
14894
24014
15924
52817
22960
668
32622
35747
20449
33075
48035
82180
94962
53482
89405
24203
32684
90575
61043
34639
7825
64917
93552
55618
30314
11413
51736
52569
47651
11359
64426
95937
76286
56198
94276
34753
89777
74211
19086
90234
44965
94567
41370
16848
53727
96626
62059
62302
58884
48730
2254
7410
13286
94149
48112
85591
47042
31740
34105
80733
41553
51008
21997
25106
37996
62400
29278
49800
67937
23607
75381
83545
81538
55371
70678
91023
72311
82727
66663
43928
17005
58742
53893
50404
68837
44700
26731
32376
41238
75447
35078
11856
58699
2141
3240
83455
23947
25892
35980
96978
49903
81634
24112
75816
27681
18536
91726
94462
39687
79216
49458
55529
68124
49607
54590
76524
84154
76103
57335
47452
56662
51620
91924
4977
14353
40895
87041
48847
78192
12012
46292
8767
47860
52832
6519
86404
6605
36259
4238
10517
19867
83160
46880
35669
27336
59625
43292
90870
32145
55894
58476
25420
2496
1961
73083
83887
29440
17383
13742
243
1958
62037
54426
53647
61673
75876
62510
54278
67387
96364
55353
86986
72558
94950
4671
35718
67844
84657
84068
12560
88752
24899
31188
53931
60722
87200
8379
17258
53671
92208
87077
33793
75233
89172
35264
26046
84755
49143
9590
60959
13781
6158
8181
33641
30234
45373
23327
60464
74312
47683
68334
16653
83829
64337
41884
12793
10470
73048
22163
23288
17223
93910
40182
77006
28754
47931
94529
72718
84286
31828
56193
74453
97352
414
40876
25488
21161
31167
46476
53750
5471
37461
44841
91020
85817
26294
56332
15127
30175
41584
22655
27860
25126
64258
80570
71919
65828
80052
58896
30860
91858
91982
52632
49321
71292
8031
45511
59290
51187
92420
30492
86131
64418
72738
50685
20147
17266
79173
92637
21458
96705
52727
62065
58994
70453
80390
14743
63818
46471
77720
44657
50767
67163
80390
69735
37293
99641
88687
9282
4040
32937
16564
13948
91454
25527
97988
52328
37347
29266
5224
38800
86567
49335
72073
55362
46452
5039
27773
75739
95795
17013
88077
87138
89654
81930
68216
17604
80692
95913
92737
82317
10322
16535
32310
16453
42949
83521
73163
23580
67932
37756
88609
66454
2828
64297
9218
83072
3692
63956
646
95045
60121
80856
15356
80810
69181
41676
19488
48107
26414
52381
41330
1267
99672
47054
70008
61395
30300
30622
19689
34401
54108
97810
41045
24672
14142
55289
34431
43837
96412
39819
22800
19437
15300
94368
37367
27720
22239
8931
38117
52716
30520
40885
32301
39446
661
77662
82169
6306
5699
95734
2318
81312
36137
70573
82291
58188
64264
14401
33853
60881
98033
97507
88812
46543
69546
85868
28561
16824
69241
27420
46793
59990
87241
75283
20352
99369
80696
86476
43570
66597
67209
24944
11533
79001
44080
55589
93980
32828
11357
5822
42505
27302
56976
19082
58003
66157
88966
52046
37638
98780
48414
21086
91128
36497
52668
66328
34451
34246
83614
5652
7401
53482
2434
5119
43386
47801
38455
41314
14893
41752
53994
63346
47086
31838
76939
11982
8728
69922
49220
16301
31690
97272
16418
59825
21141
82918
6121
45010
88862
7146
69926
74774
78071
74524
79080
71075
9303
56630
37329
33874
96513
92250
6565
71237
77700
78590
35141
85606
93561
2200
57744
51525
19591
10523
65928
28105
47878
85082
48886
86227
77732
85881
70104
86580
35002
54437
93600
43018
71263
74696
25581
53403
52438
28191
22246
52298
89863
78684
73711
95318
25684
77730
33708
44834
48023
72955
61725
40556
50703
77401
26914
94075
89180
24712
49619
55748
44098
10611
5606
32407
89782
50399
18111
13966
79204
2479
90192
97506
41647
7981
29267
71615
83203
83928
28386
23815
63436
9186
21923
88124
58211
15858
60497
43934
26999
29348
91726
8517
83406
93548
26989
92830
18776
21655
40850
81812
56153
25082
98701
95751
16310
31627
777
62343
60412
88373
71979
39426
91515
24624
3355
35900
32259
70745
22830
35446
50750
57746
39262
85729
65508
75678
88994
19492
65305
87543
61693
72233
66914
63210
56231
37450
28197
45749
81320
99718
28428
63157
34581
62847
50996
9098
8388
94202
10141
85739
79505
12493
87659
94235
19979
37026
53959
21934
38263
82016
65801
71364
45548
58184
29575
74813
59071
20356
40606
437
84814
18904
45713
70450
28653
58353
25468
48601
13560
40062
84479
21006
35758
22046
51757
74642
27923
34370
90819
57030
30480
96967
13682
48116
57833
55016
47942
47305
92433
74669
99315
33524
48502
63956
40428
83596
19240
37279
74894
59627
55508
27188
30923
12003
68117
58899
75122
89589
74894
53497
88843
2773
12438
3548
20297
31675
11530
60581
67180
11057
92761
4479
80854
82136
66854
95245
50729
99269
80392
28101
29595
13693
2909
43853
37455
57071
792
81991
61736
40123
61643
94145
75380
72180
67546
12181
721
84497
8213
3000
80154
16729
96143
2954
11772
20590
98841
7634
4816
80458
58705
39155
73546
14216
28782
80711
44051
80705
9354
6235
63827
42082
73764
89519
72473
18959
9069
98508
74474
37280
70130
73493
15556
53221
91440
19896
31322
60894
42235
56686
66267
96370
88406
12722
3817
35690
9576
9637
47100
43445
36132
53576
10020
37401
76339
20949
20249
83287
98624
29145
27396
94738
49197
75138
61391
10269
63474
61127
73271
78596
75639
72807
25103
77517
94605
32171
37146
50983
65955
22479
59775
57841
12948
25208
73915
37489
59104
67532
40869
59880
24161
41738
74419
52713
52675
42991
69716
16892
47341
50455
7526
17883
7314
66689
10673
49467
30888
31529
50839
22576
16991
50049
98062
42848
71311
52444
73748
36125
96529
45436
27419
35844
64833
49609
90946
54766
67692
20415
39216
42965
47079
24647
892
74861
34050
45078
3327
12986
68224
3390
5911
51491
77205
27860
31185
68911
21676
13268
36663
16709
56236
76720
44563
10701
75845
36715
24048
83131
27473
55165
48426
55506
21070
69556
68134
15821
59854
39608
5880
13480
18087
68105
39582
49152
78844
22847
89193
17084
81125
52657
18918
43418
8355
61626
10722
56710
25708
38629
42296
87873
15687
19341
70840
41975
25239
21250
4099
74388
78198
74045
64449
52510
58029
69165
94955
63461
12188
80752
28974
98872
46547
50201
28454
40476
89068
94976
14587
47164
37732
86857
7315
27470
73115
17981
31050
42031
10213
53075
75655
52787
98060
93311
75285
46692
61505
44062
86525
39992
53362
46554
5812
10425
59369
88606
23037
17319
78194
9136
88641
38334
72724
70559
34014
30441
22771
65899
58913
26098
31195
93651
43314
97896
57366
59407
77306
39937
84165
50676
30874
59613
77150
53885
13628
52850
59146
51729
84758
59101
43390
79441
16481
83609
16119
90870
63199
89465
30715
99522
16939
24415
64979
60629
58321
65439
26017
12579
95097
49547
50842
8481
50267
16949
88594
46058
24827
98857
94607
88776
28620
99722
86244
77684
31039
52002
27485
71345
3577
5635
16461
47524
39562
6461
84340
46956
73909
96615
93474
27743
67954
22113
61544
70713
65134
289
78987
16692
97337
77229
67310
1233
78875
34783
3624
74250
81015
58247
62523
7758
97800
13039
93448
33464
50556
76446
44133
79056
29114
2502
18321
44156
78376
50132
12610
14256
571
30661
75304
38697
47456
2037
77996
9543
26824
85588
32934
64405
12672
4651
57363
77636
41184
1937
87655
48383
53244
10285
98086
1382
80129
52885
45981
30036
78744
11752
98982
98364
23659
82441
79500
29962
31369
21528
30244
25211
31254
76465
5828
44916
21722
29101
46110
75487
37364
47659
10686
13802
16606
78508
25924
26109
63647
26106
99310
24255
23849
81023
31830
36981
2247
1433
79336
81830
61038
42298
74961
10973
20155
58722
57095
95491
11867
10320
15526
3170
25834
82076
78440
47587
80353
37616
62200
42257
20741
82501
17917
56301
94118
66549
88743
20608
71164
51140
62778
7276
59215
37076
96574
76495
67956
81141
59740
89653
65182
82772
41892
78843
48729
34013
90648
25330
77628
16900
39488
26438
39274
78528
53730
20277
31158
15163
65230
92438
84460
19254
87782
87168
34622
63019
24488
87865
155
9843
70840
32104
71876
37439
40206
25453
23381
21821
5164
77081
52936
600
65886
45158
62155
23482
66237
44734
1908
6047
70177
85138
28493
84095
32508
62568
30307
13160
11283
68831
44753
96336
31468
35591
59360
66641
23802
21075
90691
1605
4035
58330
16674
96717
67462
77127
44045
65683
16419
33317
47839
86457
65320
11003
59872
10288
67287
46051
10585
59494
65192
62824
45885
2608
65909
27429
62407
94162
11323
71234
61294
44808
65942
49839
5239
51451
4217
1348
63396
22218
86108
65284
58209
98965
4095
3604
29375
77342
9218
47161
29416
2602
42715
13619
16492
60871
31002
876
11344
90065
39444
48637
88378
90732
28665
17234
78278
36113
2468
7363
75968
17127
43232
88182
67805
36465
15508
97672
45113
31092
94603
67179
47287
19478
84388
31732
40671
48782
2339
93977
37086
1787
95347
21534
59291
14600
79349
30097
88988
42016
61560
39773
29326
65339
12355
37051
390
11545
50615
72830
37192
57276
2893
20096
55157
80853
69145
89699
88944
65907
7361
85042
38278
56634
88662
49050
46760
68103
70756
98293
38385
64058
14216
4415
49110
59304
61731
43446
10652
65156
75053
160
33123
62026
83730
64959
75139
32666
95959
51424
53189
67206
85674
98010
33602
82969
13964
30704
18780
60949
96241
48797
79263
56171
17374
68780
86900
93120
68701
55269
27341
12570
89096
60065
59982
59758
26607
53085
28074
68162
2290
40651
58274
37347
76320
87931
4272
20269
85719
71136
23358
29570
94087
67758
62176
50273
83776
86095
66768
47151
92223
7860
93495
5564
20535
72420
18091
93925
13262
84555
70775
25726
36297
23017
13101
72452
33760
96839
69559
95469
84829
12221
3677
28691
80764
64246
5269
39652
10988
9074
37795
26387
94860
54261
12225
34493
74380
52181
71153
49098
85719
57723
37125
90844
10941
29135
72775
60874
95932
64254
46510
31796
87167
78049
53831
33163
25773
3421
28679
23344
83735
1458
98829
24142
14059
28744
80841
73752
83901
12598
99293
32784
80803
42327
28176
59115
594
71292
91016
6323
11726
58316
45717
29691
62157
21369
43592
11080
93613
75619
86555
9069
81344
91996
58787
70845
14460
77528
35519
35593
10561
29797
13632
29813
38734
55334
3433
88259
9083
46652
75228
415
94369
45868
65636
93117
65846
6909
7836
88057
50073
9072
12007
2956
86742
67140
91216
29404
43998
55214
47465
55905
21242
93949
47155
98491
11053
80991
88351
80568
21131
91519
69785
91085
50890
99713
68946
81682
16742
23861
64188
27566
24888
48881
17405
21137
1655
93886
37379
9805
63336
66345
9984
50753
8743
523
22182
59725
42469
97524
75167
3268
20882
34772
79269
88293
28721
19263
62579
96244
4408
15617
91531
79417
31720
50190
18941
90312
20515
28041
72908
11095
38995
64558
8148
37920
13715
73994
90784
80380
21720
47882
40171
18805
51988
67623
41254
76534
53337
80877
53994
88377
39644
75738
22940
44139
72655
41971
19705
31252
91267
11782
95904
46698
54439
32859
94632
1737
22790
15222
15598
63014
76709
72885
92851
71276
41347
88434
4160
14696
76920
77155
37252
21493
99856
85798
78790
93689
99304
93182
56541
57763
90840
52384
24318
85301
71325
98646
61158
5643
29085
36052
60509
7367
38768
46849
68231
55325
69105
76619
21628
77322
10129
50787
62265
52309
37483
10399
73543
30223
41753
40769
82006
38645
87311
99985
23269
92534
32165
76738
49727
29629
22279
33659
52374
72183
29680
11459
59894
5919
41108
40024
58473
38663
42857
75099
73608
54803
241
21886
70538
66070
83943
70228
66286
51617
26267
8666
65921
97022
20677
43370
62040
66583
74800
65049
25369
48603
13469
86964
67442
98803
50052
64380
61723
54238
67138
14500
91786
36597
570
50102
9883
96247
50509
5794
71961
79855
93444
67875
92835
47363
53047
34352
63240
48655
64929
13713
32007
53652
22973
51402
97004
11117
265
94565
98424
39117
35213
53932
16690
39350
89063
27511
86357
96941
97864
61762
75162
14346
10849
11549
18542
23683
7303
47872
22960
19846
35755
86257
52572
43781
5748
97330
34731
45779
9197
99406
98221
17937
89528
19420
51941
34641
39176
27426
74030
78724
94359
81799
42149
41883
39755
20646
49669
48103
27621
21592
94576
90345
69832
73881
81784
26162
18928
22399
93507
35169
77776
60513
46773
12384
21786
87401
42216
70138
12673
12520
10445
19877
5724
747
8942
11453
97280
35495
6165
43812
8863
94716
91542
72707
16095
49058
9462
51265
65744
30212
59596
69816
11164
92714
86228
78464
45810
73375
60689
20934
57525
57146
86768
82732
41969
68437
1220
75304
68282
70773
99397
52671
3793
63478
37807
33485
2913
28770
38929
75020
8492
38549
77249
364
23315
58822
78980
1510
93447
52631
58548
53145
98816
41177
13320
49441
14842
9793
97053
41341
12139
55550
77329
10013
99593
61077
15567
1944
2513
86805
17589
11104
22067
94376
64317
51484
15604
90567
62583
21018
42792
27287
17842
63690
31086
42710
98215
42030
63877
65059
1684
69090
60512
57174
87193
12988
89006
24784
65498
42314
66270
38480
99131
18817
24652
74633
68259
60901
43606
260
4094
38158
9904
86064
44465
34583
66910
31443
54895
17324
14928
77413
92703
70920
89146
66715
3733
63889
72257
85948
99898
86019
2860
53306
58437
47778
72428
60769
17876
97227
91846
11004
85618
35415
14154
56436
4636
45220
24980
63833
55555
77304
65936
54189
4863
37881
95696
62929
72442
52721
99020
15377
73493
516
25056
253
41207
90701
40747
69334
10131
19208
4169
83370
41456
66287
10684
41306
67312
93712
70822
61691
2774
85620
88358
98061
74225
11240
30964
20243
36462
39432
26846
73996
16279
41005
98606
45732
94343
27413
53673
77985
34846
61741
41831
69429
1271
29873
7227
12848
49054
14366
2087
99321
7826
21150
78182
75497
45255
64855
3023
14250
25431
42129
48430
22125
85031
72195
88907
88477
54381
82029
27949
21748
53235
43753
39089
37864
34440
23055
28973
47240
3911
44421
30421
30582
44538
85591
41790
222
53846
43146
56063
1596
20571
52638
15368
47903
1088
54173
68358
96521
30695
85817
1754
96719
68815
62036
81730
28283
40636
41003
92742
5816
5652
73507
87815
10512
52355
66406
47178
98317
53449
74117
47838
13372
27708
1502
35892
89166
59515
55679
31102
88200
35232
3389
77606
46649
62633
23180
3284
34921
70578
72894
59409
81427
84510
5480
72107
97510
7854
92255
16545
79284
83897
80887
84561
78872
73755
10160
21236
47545
96777
2912
15793
49423
19786
75369
5127
98124
97056
67168
64380
14842
57676
24449
33141
69924
29410
91538
86894
5806
32646
46219
17191
57822
6059
29024
27150
30000
64115
92748
77921
86154
48204
99902
21369
76840
66720
27140
73229
7285
82908
18314
59445
56286
12748
64095
96408
70419
52451
84573
28873
72618
30888
32257
67328
93257
31860
93005
17276
4056
93052
43558
6735
30965
80509
66032
887
71688
14412
31522
8087
79354
64329
97750
52478
39219
74194
74954
54572
69895
11855
40562
39496
65890
85563
89203
77481
41833
84672
55685
25394
53063
27426
15865
64209
41847
59256
50767
21717
47198
96362
87457
52528
60318
3037
33661
3103
84419
28067
82453
39628
45178
48185
11692
79730
66068
35346
55560
33960
73123
91603
14689
81021
34239
43419
31169
99190
38019
26221
7548
25426
49301
2396
39884
20354
40880
82468
64918
83317
70415
42723
1468
29712
67379
35043
2832
88573
82605
59219
36326
20396
56668
58304
95621
20449
83788
3354
83582
56750
73189
58922
77031
49829
36254
61490
90879
92062
62614
94434
85647
26095
40033
15957
84004
54114
69986
37208
15613
99898
27892
59089
87424
32060
34787
86500
73950
15861
10417
62586
15985
19740
46246
91542
79585
97043
26567
35466
87981
83310
71011
91703
57756
10729
76920
39066
58360
47033
60217
87983
7134
36330
44150
74731
40660
67575
50684
22761
451
74166
64647
6167
52654
69597
5001
39642
81677
91955
41047
86133
56128
50523
94268
58361
3712
98328
81836
95311
36677
36644
86542
44141
88761
83713
73958
81958
62318
66275
75676
66783
84744
65458
82943
32831
15415
31930
23015
27133
31850
82109
85128
11805
40689
66588
47906
80902
14648
93570
93823
98427
25548
50541
9833
55230
83083
45887
37728
61586
25351
23741
90039
18031
7447
98659
29210
99195
5234
48142
83327
35535
24929
66388
27295
97248
4130
69576
53830
37128
23558
31290
34391
92514
88981
71452
88741
11940
88200
45682
33542
31652
20253
44313
94915
15594
18840
44737
84101
79337
32367
1224
4393
70482
44093
97382
75624
94975
12451
28697
92193
22215
39255
40212
77838
48911
23028
75061
73432
38551
56170
62139
16441
84069
13636
76028
50065
31035
89401
51609
79054
8070
35360
91849
26758
57019
42315
89748
47445
90057
31763
20002
74368
29756
88487
35189
43925
38432
12320
14919
60030
86806
70292
33167
93986
99775
99146
38290
38914
37898
75355
59531
73615
93468
35131
61794
49798
90157
51190
58844
81685
21544
68328
54011
35486
21163
34274
91052
57379
11380
47864
62064
52906
14002
17923
66715
83033
12136
48595
43884
58648
27043
45470
84479
74049
46015
97584
14572
16186
70585
62674
27002
77409
20325
50811
82687
15107
88372
83854
22614
26022
57237
19875
88317
13386
36295
79434
76103
93195
65032
98246
64557
65586
7424
25567
1758
30436
3483
22716
50694
73452
40031
80642
57033
54361
20937
13057
63809
43478
73853
39584
64234
19685
77983
47998
76484
87798
96201
89838
94115
83566
15010
37091
64786
78712
69165
92766
28760
70923
95484
90028
15478
96908
38535
99946
98940
66082
81747
97137
43922
7394
29170
91737
53532
23192
39465
27238
95459
86894
59648
13762
18641
17213
92415
48135
54111
11354
12242
38332
25991
7784
43537
73997
69566
17555
73966
33047
91648
37966
92430
73193
9577
99968
77212
6501
40134
94482
96063
27959
61101
16500
93643
58213
67067
40021
81826
67883
62630
73260
60242
18616
23913
82475
48684
34699
18015
60036
47080
75039
46098
85710
45998
15302
98250
51475
84129
28747
40755
17797
96445
80576
35352
39177
84315
49304
58687
94033
67799
68735
54145
20617
54211
2345
84528
92970
85152
29185
27168
55844
45686
64870
34277
35815
4910
19113
20206
20781
76037
83254
30080
97137
20453
31299
60351
86878
72350
26814
74125
99199
93170
49087
87871
32050
4049
73256
32752
19766
5891
83121
79695
96738
83174
7477
75054
82084
90184
68959
74641
68613
33936
55855
8488
14966
19818
12179
83394
36427
23566
16193
80984
87883
30888
16265
52809
44369
75460
12720
49130
60911
20158
40163
18892
69622
26312
22123
55732
6851
38094
25566
78822
63523
71443
43527
67947
39379
54861
14927
57109
49564
14642
69062
57481
21175
38677
21799
51308
58122
84891
14961
89121
32964
50564
85777
85710
24822
90099
40799
28400
2053
73983
52135
85394
13572
53293
21235
80151
67590
66268
70405
36724
84412
62686
37416
57335
44624
32015
79765
17595
98656
40368
68047
57978
88710
95087
59262
83501
5150
92415
14169
56353
2490
30163
26269
6763
64561
99114
28618
89798
33883
39456
18485
74089
98757
82047
75358
95742
57068
58764
97138
40715
79759
91446
69058
75576
51364
85085
57446
80436
39358
20301
93925
31479
85885
87769
65144
56750
40915
38802
16327
16591
84051
69055
2755
19520
6424
14941
66816
17686
34168
74682
44813
60428
23594
56560
86558
25740
35926
64394
7675
81338
74837
92058
36820
19852
7284
44344
21967
30661
501
15943
89425
49090
73787
7855
3280
726
15540
609
59222
75532
20252
49026
76534
54863
61418
58658
71247
91247
17602
64640
41396
33653
6921
68352
19263
57893
33422
9735
53937
199
88788
3295
61479
10852
78560
65254
31352
12180
33772
25431
69590
34391
21186
85083
76817
29918
89427
35584
78797
24831
33337
18709
19945
54035
76377
57927
99440
91751
8453
28194
13800
28976
36801
80100
19850
90475
12045
96816
29985
26409
3409
79774
25438
62848
76044
54255
10431
70804
7771
72537
70252
12050
17427
38912
86866
83165
29002
6335
35160
169
21804
54822
67906
27578
66067
87665
52163
62779
70947
19083
97062
62352
94580
68879
68877
39827
31823
90356
96984
10507
26551
10294
88465
4201
63263
77192
47976
3287
51270
69348
84161
63306
53584
10474
63298
57584
88011
38429
66998
26635
41720
63722
56028
5240
55215
7285
99043
6674
62368
22470
76678
13214
9327
14562
414
35162
98359
56282
5152
20962
45974
87869
77586
95078
70302
36009
12301
65029
73169
35936
25869
5942
80765
59398
95368
53824
73053
56092
6699
18189
12018
34443
33140
28965
33334
21865
72999
47078
83287
79221
59283
97806
61249
22053
7443
99806
43922
8618
83727
3065
37429
93078
35244
92410
45628
44715
88733
80199
99492
53702
76285
74929
71800
76338
36495
64441
38622
33698
1004
41859
34667
85922
71927
43330
14901
56921
62424
46936
34475
28929
94591
55103
38229
15448
3662
3541
82917
58340
3479
43159
63204
45719
67775
78723
54193
67831
98954
82087
14323
18607
28389
14877
63566
68787
49088
66558
94846
96038
28843
26167
94378
40189
99139
57250
89956
39584
72460
73762
86332
64424
41356
50703
64098
96633
56550
52067
6942
25833
96877
50089
97173
32680
12455
85376
60473
26024
93289
97456
16426
1710
3750
94515
93725
24617
56110
88160
78359
86603
22632
23643
80566
29693
68957
59717
75789
44981
84627
23767
37450
4343
42334
85488
73143
73710
53566
82181
16253
8236
2529
76814
50272
18636
82101
62639
32154
96955
67205
70549
25910
47872
79043
94915
32887
65590
91952
47030
19534
62674
49777
60803
78828
63097
64165
56710
79422
42889
1260
9877
42238
59095
48523
34549
32069
67658
79920
98376
23572
88442
45555
57235
38581
67335
61945
97373
50203
51839
54880
38706
95365
78479
8624
68584
75568
60917
4624
6380
39459
68058
91316
4704
86679
46966
99190
97024
48407
27717
66817
23693
12054
2262
18214
8274
33617
95605
34063
23198
19035
97976
53088
13206
11889
23125
18389
3031
50672
93889
98560
43067
25551
1978
93518
94901
34165
8216
31021
56969
39995
13009
64072
37218
70009
41558
79639
90663
6820
44373
4469
68847
98410
86352
89941
52277
66786
71446
65535
62345
79842
6110
33777
68286
44291
41376
97534
44389
30501
76339
53103
28882
39348
57285
1260
38398
8853
38983
78968
26437
64373
62835
27241
828
23659
48116
38289
61460
32776
89363
75481
9189
44352
38289
94794
23069
3326
77654
22192
80071
59910
63515
4983
76622
3584
27551
31596
72351
25710
82157
91430
96376
16819
81079
25719
98416
40399
33323
27939
51329
86860
64385
2145
81824
73203
19418
56657
8665
82397
10177
67306
18760
36819
95862
8089
97402
16339
25397
38696
13058
93510
9434
12766
74380
7051
71176
26841
4330
8322
53654
69063
32688
1237
64091
28625
86744
53458
37363
91998
78432
83703
44935
8135
60380
22108
95927
60632
41911
66709
52405
59906
26257
28459
91116
60091
21095
93691
21760
7885
71686
65429
98857
38676
69738
51720
80099
7859
54470
64488
15606
56301
30816
37678
50298
65984
10183
33446
1986
88657
65752
51472
79037
11219
73989
67142
28687
79443
25141
96613
29832
37804
60494
70810
21835
57415
27697
68071
76410
95702
70764
30917
72423
67906
3254
16744
87964
59218
60442
41359
70379
62812
18004
56649
20769
28751
20889
91414
58619
80998
75287
67796
74655
28460
93011
81947
38048
91573
10539
68484
75699
72161
78859
86466
77514
11199
95805
96446
20753
14733
47680
78382
81529
65475
3759
39376
84677
6803
41198
60988
91256
34139
84590
79938
29492
64941
73761
57249
98893
98026
40746
3368
9846
6829
7434
50264
53932
27547
51089
6684
31278
23924
40923
83177
15513
30679
90020
45856
97238
7375
71072
66372
27461
84457
9441
79771
70713
89585
39073
99783
30760
41501
15896
10136
37895
55284
4564
71031
55753
65245
5667
795
42040
43213
90193
26502
39995
3258
4550
57421
79511
48274
64031
96990
6913
91134
41488
44125
23623
3060
49269
64890
72917
38684
69684
89016
84215
66102
50407
20556
63998
59334
73514
33263
73705
44224
39558
85377
69524
8421
20631
79048
10673
84604
35752
48816
75815
18401
94661
91781
93361
8682
92182
80659
80265
71515
82886
73734
8878
32741
25752
46064
28997
13570
12845
51431
54679
21800
37426
31554
32866
71480
61829
87562
34167
31635
19444
1595
79594
86228
86970
60603
6664
41020
7686
90041
12547
86240
43604
78063
66898
49050
47945
98350
30224
68048
43103
51164
74479
86159
34615
76530
12265
73277
20204
64155
76892
70121
31011
77970
99354
30161
53795
30967
63119
90247
34403
38092
21925
21166
4685
38146
36902
26166
5970
3276
66605
66976
18385
74136
38220
5560
82005
33911
55582
8792
15691
94488
49048
52277
98671
83535
61786
98799
9772
5221
97289
11717
94433
65422
60751
59699
32850
39821
80927
97068
24275
80279
8367
8315
14892
89167
81108
37454
45399
98843
96658
91495
38792
8651
33608
28019
56334
29417
59699
22803
18041
79551
16169
51504
91142
60045
73983
80070
6858
30336
28641
66120
95131
18508
12013
53358
40439
26910
65640
26484
54536
20663
248
24339
7119
1782
7266
36400
14806
88284
2899
60173
5851
2842
21131
66140
19749
88658
63388
31563
11707
74842
53006
55085
56370
60431
36079
30781
92033
45483
70486
72637
74946
85045
3088
53026
33831
5452
22212
40177
53346
68323
42049
72881
76435
9743
50770
4831
77082
15183
74474
870
9572
2180
75852
35423
37510
38874
34947
4740
38721
44170
31261
60989
57392
35822
1246
22660
53911
81926
62910
33527
58972
74354
77385
5079
43910
18565
26458
17087
21808
55071
89667
72559
56604
5911
5765
59901
94289
66577
56690
35491
68222
1977
69602
91492
7038
88007
96574
85241
42671
68454
52364
12150
88403
68196
67599
50264
50646
19047
18042
65991
17514
16107
47321
51894
92809
14383
95742
3819
1416
89450
77870
10597
45348
90899
73000
41358
33820
25440
1574
37052
12280
29934
59896
72820
42716
83586
27140
23590
38757
3507
88396
62178
64385
49091
61568
11454
21827
27439
97309
80358
1263
57231
12499
1371
42932
742
26143
67074
12464
910
68407
52812
89683
58854
21801
81936
35866
36696
55973
20614
73916
35110
94758
68903
36461
95559
83443
51098
68408
73319
83700
80627
21664
25990
30389
34293
75476
82809
77989
29320
23377
26965
11989
84931
11601
61719
71009
68448
5177
983
2610
58876
42194
36194
13857
40154
23327
4894
71528
32501
34185
24772
54025
81088
44621
45672
12305
7596
58735
95824
45720
81919
81377
95813
88878
37527
54699
42540
80868
89683
66362
47462
34934
31788
73298
83340
31499
6801
7857
31516
3858
93759
61521
75592
88260
49130
50724
74748
52244
67943
33931
92011
4726
22118
98074
44335
75206
91667
88602
3858
78967
18903
57926
82932
54818
38184
2998
50721
7985
44441
58585
61679
29945
71921
95020
41006
59599
33051
49330
83096
94963
20682
30291
70477
46373
91976
92019
81785
66997
76717
50202
77397
31668
282
12847
63317
66429
49118
11730
51724
19078
27771
52095
11274
1266
39861
85321
17249
95369
90040
12803
39652
22607
37455
23238
55661
84853
5994
6941
38791
61656
25775
29691
85925
72064
76373
32011
40894
85693
40513
77205
59838
65792
24165
30662
28421
14164
60457
26762
99750
32244
55810
80191
64897
9642
44497
25288
17095
63413
24273
38365
33211
92297
79899
84419
59856
50445
52869
59588
57875
30407
9532
88953
34370
23697
78943
23005
19650
19818
34338
48815
99614
76216
15423
63834
33876
57540
58184
70313
59662
9802
60594
30943
12582
43099
15584
76708
71723
81922
23215
88671
19199
73862
99158
23150
42072
14463
3806
29214
26806
88772
12292
83591
78524
30255
7225
86026
68174
91360
79262
47515
28596
19729
5057
1595
29095
27154
22624
92022
24601
98414
54474
21740
2043
66391
73237
92226
78694
13812
59271
89324
44942
46311
6127
78500
59968
4995
48454
35550
29400
54807
97254
38127
59696
58634
82406
90463
27133
36801
68381
75116
49557
22039
63374
19718
22436
60178
7932
57376
49078
19200
87796
86592
34523
19388
38128
74837
37180
73903
54362
96118
77825
52791
32039
65291
33025
26214
17282
3521
82371
91103
19858
87388
83868
84398
71400
5937
85979
6202
83432
47049
52407
88534
43952
39251
49690
51835
47527
62679
88222
18151
44099
37604
44094
65001
64927
98016
35461
64166
44017
50253
84047
46793
84123
24905
3026
79437
74419
40515
85969
44339
32756
93892
8619
28809
9540
34444
74340
14917
96444
66227
58749
11060
52297
92407
43781
40913
61655
40057
66510
17172
17081
28615
21726
90199
79405
11641
2493
30244
77235
27090
14070
51561
97626
18373
17498
41192
11447
5913
69784
43186
55199
85185
41958
44888
56938
87888
11022
37850
19040
90360
52259
66853
61181
66745
5257
8247
20136
32810
20606
48113
66976
69577
3537
50704
4983
80114
70124
6803
97319
49855
94788
12214
81780
12116
13252
72410
70934
26586
35996
15071
18069
24770
97243
81552
88763
81797
83282
30097
40029
14402
83668
25810
6764
32895
61232
71051
64137
96994
82654
42546
4722
11006
73221
52718
89128
50428
29855
85874
57435
25295
10241
69287
87415
12292
88226
38992
30797
3809
39922
57798
86216
41470
74400
42830
1871
955
93721
95353
35958
22429
25289
80850
16440
26392
36732
61514
1732
55342
12404
53817
23707
90340
74447
22618
62878
47985
32502
25838
81062
68854
77527
60636
48496
67687
80564
31845
46419
54849
68340
3652
94099
25532
2170
85864
71486
32064
78191
36463
92823
58548
71540
28074
36114
64056
98480
34151
29900
64644
88400
15715
80065
80254
38310
86072
27771
63397
65207
80207
73677
5801
58175
91519
50707
75333
34778
38298
65304
33448
80842
34569
1676
22663
8111
50072
34180
21092
47405
52759
59099
43331
50398
41042
96443
15561
47091
81787
26486
66912
45939
70340
24199
44240
60686
29236
71959
36696
3151
56891
22915
53615
13931
20344
3255
40821
98167
19697
84101
70422
71872
7289
65958
35521
45175
4049
52915
61539
41257
1106
91375
10311
68022
59610
57474
37703
55931
79460
38469
1623
9203
13761
37443
98501
59590
70596
81348
33793
51011
88451
76265
79886
81031
12626
73967
42451
30858
10875
30025
51026
36993
84826
57024
78145
23458
43354
28869
54211
23178
47311
74837
89609
36092
95168
64919
74716
73619
86096
88779
87070
10901
66060
93418
75338
23627
80831
97014
76179
57397
53850
77444
41053
78361
37993
62338
57091
52921
17181
58184
70165
65439
19969
56760
17926
5572
94568
69849
27962
35770
87145
85476
50731
4338
57723
49043
59003
59427
42158
90524
90038
21567
16038
60100
29854
46216
597
98440
97081
736
40759
72039
89112
26891
72477
59647
50353
591
61372
64254
90088
60155
74569
83840
6227
58389
78542
18887
98116
16176
2835
55702
25776
74915
49138
52173
6058
92884
54476
75046
20450
45391
94159
82359
42679
87430
57418
8779
66742
48663
83877
62331
48977
37379
46016
52359
62458
79336
57942
60254
81970
4847
94067
59477
76726
87217
32232
78848
64836
58102
78761
65564
93639
96101
42066
36084
58027
34309
30939
83848
83357
10887
75739
25097
35817
90294
35644
89914
7236
22936
45206
18234
18773
25544
89594
91441
90767
33363
67197
60105
99187
68910
48329
32388
42806
56933
34450
9533
11982
63341
16629
26079
5777
13962
54410
46926
43612
22965
66093
56869
63006
38028
55580
87451
59353
15142
36863
8880
59611
87593
11662
38863
42627
68843
63070
44673
48465
85965
45710
59590
78661
15958
12172
44879
90410
56348
17136
62256
29096
25512
28159
23734
36438
28028
53620
46690
45000
16694
1441
55431
24015
77939
58987
46780
90785
62791
865
45697
40757
81500
71311
1297
45167
18560
46722
40301
44653
1887
93796
96103
478
19051
74499
55147
71456
67425
85163
79459
71460
68316
36486
95748
12762
56364
21137
66516
60849
83093
10519
7518
92238
99532
46914
71398
7842
29652
83491
37357
83545
32165
33757
24118
92077
79277
19791
34015
289
3727
53336
21118
42316
33028
38646
36181
14028
49957
52202
41443
10343
15667
77765
27793
70291
27721
19070
29822
37963
57238
50394
47752
38680
54917
40440
9394
50819
18357
13133
12320
1011
88487
32522
78572
22890
38452
92773
87432
38968
73694
34205
26438
71975
39350
67735
57358
54465
26536
19751
13365
79812
89597
15631
55871
99530
66558
44836
32726
88271
7743
94541
93089
75478
35290
61640
70508
60490
14807
11264
31021
66129
35742
98825
33767
14438
48465
10494
16035
79951
27744
17643
10851
79520
62986
31060
26472
85030
95472
14061
63217
6699
86548
67820
19178
95020
12109
40808
7105
39895
16998
49162
74721
70199
27162
6961
21983
4447
99177
88867
16338
72714
82856
11333
91080
37506
43923
98844
31986
24147
76791
72415
61480
87639
8932
4134
970
73959
69540
20921
6754
39480
72210
16205
93908
68146
4552
47080
75128
74333
72754
27537
89420
41198
30966
74506
74545
9819
53747
75158
9556
76996
82534
47816
99682
82985
49036
65341
59452
6352
2077
68972
29919
26923
89785
12269
64338
83369
76866
99047
17857
41151
83374
60905
86459
22771
41696
72749
99418
67685
1986
49941
32609
84978
45140
2964
12551
64737
65975
13763
94399
50355
88013
62154
55333
34615
3498
36141
44962
85973
28552
8858
35227
81994
22175
28087
20162
26773
2803
91856
58949
17695
31179
6609
10827
15549
54314
95811
82626
8926
66383
88850
57219
18239
2875
25456
18594
91442
28550
29562
12643
63465
34965
86728
60189
97229
4879
12656
34314
91366
58436
75431
81483
51957
48990
89840
79619
96629
33602
94469
51143
344
48397
74750
98342
85072
89587
63796
31844
48612
95579
39696
28259
44648
12366
85118
35878
29629
66573
3718
4829
39013
57638
19352
38392
85272
89796
94715
23612
12467
28717
82948
68577
40991
27033
69276
50516
35803
62303
4220
17768
99342
24338
6967
53348
66372
25422
57279
13770
52391
26063
18296
53717
51349
40229
94763
18794
19878
93964
89730
84812
85840
97831
90489
11714
69643
97778
74891
66564
43067
15953
57509
4064
73556
75386
97302
51688
60381
27250
39868
10199
93391
80294
71644
6592
49358
51377
83056
12785
87833
44246
53999
13266
24192
31623
80834
46740
72491
84222
651
39997
84336
20561
26053
44129
43310
94130
7326
34832
39890
92017
61760
9587
92995
60295
34514
29901
91787
84503
45358
93625
8484
63944
10061
83185
57500
2229
5276
53660
20053
39219
68123
61676
74283
60062
60623
8338
84658
44581
55599
33193
42497
68185
91712
74376
21151
72116
50432
78831
44374
20627
32222
20137
14702
45846
55767
93160
21356
84867
31373
4746
23254
55837
35714
20246
94952
18405
54986
63457
76322
12349
21427
60424
54743
50668
63041
39832
4299
46108
49639
8866
18023
14680
56554
83950
99210
51645
53476
30188
17635
69794
96887
22985
93514
95249
16054
2257
47399
34619
90352
39217
32156
40805
4775
39436
61454
60209
87500
26633
8975
77873
74058
87339
49562
12999
3643
8968
36535
77479
82423
7867
32224
5251
29048
71701
89321
44927
63927
603
82100
89559
73868
12716
49959
11780
74415
35357
22095
82804
67669
87439
98125
6902
33856
72736
37238
17608
22244
44390
87408
84465
25050
86030
32428
46958
95381
34656
69237
49008
82304
95927
50219
14972
30876
89680
70740
92680
49936
89644
95039
59494
2718
48347
18144
41922
2279
63101
26393
99173
33330
92233
40501
54907
99004
77175
81924
44984
79690
9338
9591
62677
91762
53981
79812
71417
67621
73741
61587
57001
69677
49964
75498
53374
79566
85883
57211
78936
78849
64741
15887
37377
25733
9033
76986
55235
961
24507
99409
52095
5897
63500
75967
20369
26423
93547
83435
14755
35100
12863
83971
24353
92344
55358
14359
64012
2159
24154
38383
61017
82210
43396
11071
87871
12029
4735
99799
58952
6319
9292
2805
34380
91217
66285
15111
91460
60930
12874
46742
33154
76783
70094
52821
89038
43202
41921
67234
59394
94929
70142
92757
22156
83286
21891
83044
39336
73595
21744
68110
53123
20607
90040
33231
64370
32834
47732
86553
3096
76147
44209
68937
19601
77228
68316
37063
87988
71951
9516
31168
92985
89744
90314
14284
4633
63280
90130
60095
42248
89450
60668
37895
95959
48063
82079
95652
89037
84903
45404
68280
87716
94365
93627
25655
84931
10535
12655
69532
65510
13511
792
72003
65829
77885
97490
13054
74674
75141
33377
66173
69667
83006
36715
39356
77328
48881
44250
56549
55731
29323
2471
94153
97506
73162
56138
40873
4144
10237
94795
52863
32371
68364
73434
64392
5150
93340
17686
91527
10031
50691
16928
8025
51505
7659
76488
52532
66366
78677
34413
77452
55358
43992
77654
15521
52033
11809
29521
71669
72352
66088
72810
37707
7325
33085
90911
9401
52636
41240
98451
96781
33268
99510
62467
39831
3436
83888
76815
40447
40541
16164
23942
45731
97379
62773
84213
86394
84686
54340
84980
48617
74121
84813
14043
83995
14128
29171
20248
93755
7247
58691
1024
58720
63140
84882
82993
11536
35560
74974
85713
60401
68217
25833
31935
40290
29363
40233
75457
35279
75934
9152
50857
68224
16532
55387
15378
10178
1373
32766
96447
45375
10713
92212
56339
98986
49411
5122
42493
77024
18189
94137
33184
89440
89672
61051
42993
51520
94611
77989
46103
86332
78694
8111
28986
42500
94708
70510
94034
78545
58384
52850
55132
10760
37004
69095
60617
50352
41342
9088
80534
92864
76318
52024
52855
19492
86538
46297
83474
4536
28135
51936
35373
3652
45306
31078
74049
23356
33441
557
61739
38441
27564
13731
23680
75461
70117
53385
86696
68750
89987
71862
47275
82113
37109
6970
30990
60661
15904
81561
8397
3058
49223
70304
15085
58115
81902
97706
69980
65797
4242
27145
24512
15455
473
20394
79268
18791
12434
31218
24559
33063
20015
6211
2038
56456
3263
74606
57428
61979
48952
7439
56669
20910
48847
67770
39977
94442
25320
69531
74305
44909
53981
62186
4529
98199
27905
28019
8011
64388
19949
69602
74332
20580
63851
90576
37497
29037
12562
36727
16843
27450
17817
31449
57751
48775
46763
52154
48419
30176
17319
16458
68348
66800
34194
2052
43294
16822
9075
53454
36337
16755
99681
990
79038
22226
32003
96196
16896
27786
61897
96783
61533
8144
83620
47076
2227
83311
73886
5342
62665
6419
74996
2057
83431
58743
39317
92601
73385
17899
80814
79369
27840
54115
34521
37503
13329
34528
97037
93110
94429
53607
18996
62202
34415
86752
43861
18254
86766
99413
52473
99391
19455
97882
43403
23232
95853
76358
33709
23357
17581
11555
24711
82165
25379
8621
68993
78239
97822
77829
4716
98071
66967
6512
89620
63485
27083
83162
64504
10028
78472
35279
73794
75963
82462
70108
34811
61204
57343
66828
86389
66893
34567
24837
61510
66745
41723
66381
46318
36762
31217
90848
16633
53820
55549
45781
4236
80811
44219
84838
72318
49881
32692
68177
65210
15955
32614
39399
89473
39215
17249
61153
82746
81575
13913
12901
90956
88140
45581
48036
91475
21917
73620
52906
14187
49583
77958
59468
10153
78141
78917
88239
50797
58455
68458
97497
32549
11845
25039
55489
67030
84667
95287
42892
31974
2772
69184
59643
62859
53402
23843
67489
33403
2631
83463
36728
21044
56448
46109
30638
87349
94208
17735
96383
11130
15303
83315
88560
83330
66106
98231
14487
37432
30461
88221
89782
44424
74150
15626
47548
75271
88298
44372
67077
96539
55850
63612
22144
13184
9237
63424
44389
82298
56905
28907
69205
76284
75383
86929
5393
98563
93378
73398
98050
11566
60435
78452
94082
10563
26669
39977
57318
88833
57207
44550
52589
53639
29118
81094
43297
15857
81817
92087
1021
43371
93572
3617
47696
43310
93321
70234
13837
15693
38082
63178
68323
74398
22528
10002
76536
27472
64556
19330
12877
16608
77455
50910
74364
60788
37958
74596
59188
92158
33942
45362
23808
51236
85988
15227
22791
3900
34385
65123
29055
54466
87120
58814
64121
70171
23951
10847
48603
46871
31993
40855
36911
9073
92721
20206
82620
80970
37627
37534
54959
16042
15083
28313
16067
45197
60703
81107
4800
66592
2472
16655
55013
2728
35864
24279
91719
15175
46304
2119
57420
47804
99888
28783
74818
67023
51875
7438
99408
75731
84283
79958
6760
70888
1336
29807
64198
50215
84350
37817
57289
61832
74759
27607
26948
53130
34520
87466
45968
46899
5955
62492
31846
71294
98244
25190
85617
82079
14348
56084
39142
42389
68500
2980
32593
57676
19543
90179
48941
25942
47068
58690
43043
87762
54169
85609
75717
51933
62434
81685
49832
8109
60670
70487
14139
72584
93736
13919
6007
85855
18584
72218
83531
64511
43061
38037
43246
3776
28082
20336
29333
78896
97016
70867
61934
50005
4062
51290
55633
45781
47595
53323
78847
16829
85148
55265
13017
60281
26912
94857
79907
82303
33173
40174
45572
77427
11877
80200
97789
92568
31375
1018
30729
23310
42860
62649
48274
67658
43467
32507
23764
78516
8665
43935
63563
37213
93294
65636
57536
44006
47908
65588
88232
42638
98849
97159
71023
36540
87749
91761
50726
832
8621
12006
90446
50995
91627
90184
33156
35052
58264
44452
36303
5561
70721
42246
64233
89205
94121
44926
90303
89854
54847
77365
61131
18816
98942
79359
93360
35695
62291
68409
71490
21964
52797
75391
25382
22412
25855
96406
99926
40237
28152
86751
38711
58319
60248
10358
53007
69564
180
16622
68726
80940
87041
73607
92861
51351
20050
93309
14019
49384
78837
82767
10955
93476
48262
9122
43290
29411
21865
27864
35597
78052
23301
83417
93847
85301
34823
97774
70374
94586
35345
43634
35530
58684
40125
60408
41533
62973
47313
89928
45545
94049
54253
27015
80465
7118
32616
46875
96283
16899
44316
42527
92357
14514
64362
65896
33734
98598
64060
78971
53190
52654
89493
35802
64055
27801
44352
3258
48761
53675
1409
45954
8339
28642
92423
80294
83777
12229
97015
55665
56769
53398
41835
16973
60426
81881
73034
89625
87854
43159
89671
15197
52467
68359
32251
93164
90309
2460
31050
26300
282
89081
58201
37172
77553
85204
74147
57771
59688
98418
74269
25367
94494
40185
93138
49573
13296
71139
71518
10925
77074
90390
80217
9459
35383
16430
13399
95022
61959
19583
31964
1045
55449
72004
1013
97587
37213
73291
3970
8311
45328
81248
47453
25476
26691
40799
4333
45777
59218
26023
62158
14408
23231
76176
8427
15173
67223
76861
13939
77128
66692
58685
23931
10926
22955
66663
1064
68878
5549
95626
5033
73197
26129
88598
66035
92837
15376
3582
13023
41175
44542
56575
50838
70552
64777
58674
88431
93927
7947
33724
42319
87663
95209
3667
6009
80454
72363
66567
66810
36449
76628
61922
78202
87486
68485
21544
74180
93084
49631
3679
93479
69993
15052
42214
92637
85273
82805
58689
53024
50567
11342
78345
56257
18337
96615
18890
20074
57727
9511
5492
89816
78744
73594
19236
79360
37853
43268
83855
18271
15204
25314
3737
81869
9502
97328
74724
99131
18304
83693
91732
21806
80540
89953
99159
50013
68601
69991
53986
32768
44972
63603
76859
83735
36274
60441
18681
14560
98423
56617
89173
98624
88272
98491
17131
50662
40958
72119
41288
77606
24241
15680
11236
98819
27193
90944
67089
52351
32251
86086
16817
28607
61347
70321
8175
67241
40578
69505
52233
55423
74217
20981
86598
14983
35512
86967
43722
40697
32780
38404
77730
74857
33101
42228
15212
5382
19278
16098
57781
24336
53265
39377
1861
62535
1695
86777
20329
33297
95169
20182
2539
51547
13427
79308
21413
69467
47711
51014
32007
92140
53752
13858
45331
51042
75762
64938
86049
10220
76507
37861
43069
71323
5249
1528
29039
7332
98367
63418
93716
94001
75568
54690
92229
28864
96716
99690
98818
73028
2833
94964
23631
71168
43158
50009
28095
80706
10399
12448
557
95031
94707
43657
92583
31322
67010
53491
45791
99639
7507
67191
98096
51929
23237
21490
84210
98329
86040
89940
88488
72042
65413
62640
6169
56417
70237
99927
34520
24797
76225
37684
76245
99877
96707
41523
29325
16369
32703
59764
25417
91395
13703
92539
80238
36748
80097
17303
25956
832
47700
59661
28604
31783
8013
57838
16118
7963
76728
64311
22505
68609
26837
84844
15578
92239
64462
11410
73519
98928
75996
67711
67625
18698
16543
10450
51376
4988
14065
55708
11805
71226
20238
57015
9137
94361
72985
45092
43143
55321
31157
78364
73328
76520
31690
16235
54618
41667
32576
55404
61412
11742
54833
68380
79496
79127
74161
87485
82168
30826
70772
36101
4006
67356
77568
99115
4310
56702
96262
75371
53158
97087
97063
22165
49734
37408
7534
11575
6057
17503
69961
64145
10515
96284
46448
64412
54247
80697
59767
39392
67875
44587
40888
10194
99010
24162
5592
63274
26769
93911
34652
55035
71953
98420
84374
93453
65311
7283
61113
49392
61293
81387
4233
3291
32711
52120
61293
43976
62885
34176
3906
83144
86976
22158
98152
91027
6041
46975
27920
25119
12935
95029
24194
78807
19402
34523
13475
91478
24821
82125
42699
12949
41842
49711
16550
88497
81775
49041
457
25428
6839
89997
94119
17931
80249
11315
97784
15762
35737
36956
54897
55081
28401
47126
12540
91345
32766
87930
16393
89476
63909
3651
9526
25872
80909
60414
84233
13981
62690
70940
6604
83054
49728
66245
95318
98055
91907
8271
99256
27822
36745
23465
2497
64428
60860
61890
92841
97948
40633
27014
1010
36187
10922
58537
96697
2742
98492
83463
47621
14738
67261
47282
78171
48769
6853
34460
68713
71435
85676
3416
47870
14416
13278
24325
17441
55422
23336
19828
66690
73490
60269
51538
18224
76844
6351
63081
35786
44791
28194
78213
5987
24933
62693
32896
35200
71157
83754
5298
95869
99192
38567
64433
83075
94267
78285
69867
99372
52586
70167
33325
15213
21282
71062
25117
45706
69132
58923
52024
37463
93666
10922
87553
2442
22052
34352
89459
275
3831
26156
65067
51800
23978
16832
93024
81667
7486
95962
80935
6153
5218
31384
65345
17141
22280
25770
65213
23125
19459
71620
3117
59593
96684
1644
99788
24441
84018
69854
57508
43213
51564
17435
3387
13319
43084
27985
82122
85304
67922
6768
60806
77476
8892
49499
84459
23334
35880
32153
66195
60925
86516
18567
41422
26420
40403
41309
24719
28185
38106
12560
33734
25760
41218
76744
47653
48356
7814
60003
17022
30273
1965
97757
58145
43217
9667
41532
20094
16560
93986
39303
94274
56488
83663
57108
90889
59982
59334
72755
18602
36566
50020
77802
51215
36290
34178
393
74334
77324
99637
26583
93034
90232
48477
12318
21978
46314
91496
70119
26043
18289
84626
39053
54562
81495
88741
47404
69704
31828
48525
15658
11995
7453
86331
38957
59074
62512
44749
76602
59923
25312
48251
7804
97839
21194
73440
5392
63853
73733
22701
57860
16212
36008
49790
75469
47978
30745
93117
39213
62634
50376
50816
23517
80983
9688
35520
50325
86570
56737
69781
17270
49643
89421
80403
69480
15563
57383
95825
45145
11422
28746
17694
83218
27676
85033
76545
76347
27871
62611
88502
59906
68500
42590
55312
14272
76952
18049
90378
45240
32478
85870
80665
71167
488
32013
56887
20660
23854
12980
96454
6348
70441
5103
58161
45662
8756
36200
59639
51503
45160
99058
99949
90942
98001
35939
5993
73242
92702
44869
56449
57680
13461
63051
85323
2896
64247
59277
66124
81628
35748
7877
53930
53607
62775
26069
7110
28697
43640
43520
3598
79303
95908
73032
81013
91893
40907
61139
8925
11362
54428
36014
89917
56052
59612
73589
33996
64042
19975
19481
43161
34309
38498
33025
52907
18825
3313
8825
1255
90143
94888
78791
58530
40608
23695
54227
58150
6935
52054
28281
93714
40646
99489
97654
31493
93411
30325
57119
76301
6865
88704
81972
17594
91819
22730
27433
81502
81325
72064
81626
97641
92456
99911
79590
4813
85384
69770
96911
98428
67418
31140
36832
56645
60490
97434
92565
34224
33602
61101
99286
76254
12245
52225
60044
65807
68427
96740
4596
78884
43498
71888
76987
69271
10857
59226
76901
65568
98625
6911
76557
55876
43204
23957
35191
56866
77797
36652
95692
83564
3492
6193
71222
60686
92869
86997
47202
79700
87134
63334
29773
11943
66516
90661
22436
66198
333
63822
38252
85545
70253
46877
660
81262
15939
78526
43322
95621
12098
50682
13104
27666
85620
35642
34408
20568
42172
42352
72365
51718
37552
30484
19963
22225
48647
54680
57309
75964
92792
91368
49952
21837
63471
16307
92636
55480
76550
99009
70634
93266
33293
75170
27403
90462
11869
39437
30941
59672
65860
98650
35790
66272
59385
57519
23170
62072
65628
43857
73125
58744
30541
62268
83358
5456
91565
39969
78459
47694
3190
18298
53837
2255
41362
79315
48122
86662
89492
38206
57236
39705
83874
28577
52997
23404
85131
12242
30380
65690
78480
3040
35888
85928
65608
60947
17534
81500
45200
25982
9025
78437
9358
14293
65980
69733
61212
95599
71512
53560
86072
33743
17058
65441
15197
82531
7151
45593
31820
94692
19606
19485
10181
62905
41548
8363
54127
32485
37959
77019
8720
27818
60010
49314
73119
73967
64272
71109
5204
65044
26041
95989
31115
86574
84407
23226
31452
16808
88512
43930
95180
3946
78838
34023
28094
49711
17305
94949
41436
62998
16935
61183
87032
91687
54799
76403
65958
77961
60241
54166
14188
46391
57230
69781
10036
60739
18910
26432
51942
54917
92415
14884
51947
8004
52295
35326
46303
52373
87217
47511
73812
4693
93378
44882
93969
44411
33450
59937
29200
71052
78393
57592
16017
93261
99455
41727
45448
20780
86258
7895
61743
37985
90291
66008
38862
51633
65208
74031
36326
79134
50267
66820
63208
22360
46542
55000
64968
22593
43889
55726
48228
55354
6560
53093
18667
5258
69249
9642
88095
96758
88212
94159
55930
35207
85595
87135
62682
79661
24133
35836
89705
84797
52912
26954
46977
64296
56606
16998
72628
39463
78376
75462
11176
93956
26496
72981
59389
79833
328
75688
21845
29676
58442
74080
78643
70789
64924
88833
57018
50798
11258
41214
99110
7056
83843
99388
24987
79273
69024
26555
33573
43011
77351
75097
19315
50419
17897
38145
23591
95004
22633
87851
7014
60112
67982
30891
16808
89590
83830
37511
28350
72106
53895
56152
86913
4736
82446
30217
69389
17869
35818
20755
97055
35707
50046
43912
89804
54904
72208
35873
83659
71964
81262
6521
96272
3911
90536
57186
15353
79566
3603
74310
21768
49003
70395
12226
59424
26691
83307
85783
10622
40611
20661
62446
92520
68685
54101
63983
56573
92690
90108
11224
78326
88497
24990
1124
81513
19037
69074
37439
64097
12592
49661
5998
11725
3959
54180
17979
34588
65622
65239
55930
38083
12149
92057
89010
92663
90283
59813
79402
83995
35964
15653
42177
88517
5888
60698
33075
39298
25975
18833
51293
22900
9331
79868
95197
68611
53234
30549
2529
73456
84933
98953
35675
92320
80803
25291
96186
35679
45598
23192
66686
33897
98068
72913
9746
88098
89973
96831
95726
74368
87383
59168
16422
23782
57717
51573
99382
30529
96285
50799
68810
72658
26918
18588
19323
68522
52326
47263
66707
53334
76361
24933
38262
54354
6600
7307
10457
95824
52396
47909
35057
5166
51344
95861
11973
21418
89449
84951
30849
38242
358
89002
35334
94604
41195
5015
85363
88337
90890
95132
63436
12979
38281
42122
64446
45943
72778
6784
72282
69344
75778
92544
89071
36781
52973
9356
12027
81276
93648
64812
80726
69042
96776
65701
64688
23003
3170
64519
73044
57839
35772
95728
90986
95089
14205
55847
56330
86485
17178
73414
53326
33958
45214
13642
2414
80683
79318
76253
31633
85574
4987
60136
27798
50922
94159
82916
76105
49688
55011
86390
13440
16105
50022
73695
57883
29351
88100
32117
60486
55563
10718
79358
85613
62064
67910
50278
2391
16471
5691
224
26478
20311
93643
79798
33176
81259
64312
4808
44312
62733
69385
20422
28316
49460
4656
48689
34795
97617
81951
24658
79680
24315
76259
75640
10623
1377
9534
55141
7493
35831
32462
72396
30132
93685
87345
65569
40313
13245
67364
23710
79073
95708
1686
65210
38476
67531
24110
77274
25820
40741
94397
23066
83724
28543
15003
67816
75004
75461
16109
25161
13058
44799
21436
88698
29917
12160
19790
60784
53589
27544
60313
43962
21691
86602
71465
22784
72552
89779
92776
72543
60516
36721
82884
89885
77902
93902
20327
34332
81097
79025
66159
48497
98210
9766
39077
36858
18387
99840
18481
13498
11731
96310
97909
41468
9379
96974
12057
3452
97196
96449
28072
20461
55824
39502
18625
88433
27607
5575
89279
37758
88813
88658
26308
42372
11940
63913
18937
54438
76456
56755
65821
8822
59130
56573
988
59856
2239
38782
56968
54446
70697
43460
473
36060
24311
58994
40148
63226
71645
46401
43984
54058
19546
80413
78406
13195
41096
97533
18850
62932
23715
19545
72154
61400
76764
35303
27321
89433
63902
3009
22956
50763
56462
29818
76774
59377
55695
49551
3077
16917
3798
41043
58496
62452
60639
2376
87914
99217
30709
56527
49869
41080
42673
41958
70330
37521
97980
99390
9169
71327
80961
54789
65844
91023
9539
72779
72061
40791
5087
42116
55079
69396
25900
70833
44628
6702
47059
46097
818
74063
64831
31048
68740
63946
99196
70216
66926
84816
96481
40034
33004
12392
5499
2860
16691
13560
9852
19011
34271
61841
83399
79991
45752
7644
41298
88642
48480
4532
89316
19610
29841
45771
26622
96621
649
66072
92070
31246
64538
71822
39650
50170
86209
78541
93075
47257
57364
83015
49822
32665
50793
70702
53607
5349
31617
85899
944
69013
87961
67615
35824
38246
820
72549
35498
36412
23992
1522
79813
87129
14032
79650
32191
74884
98685
26668
83506
57528
60085
53372
22883
47913
61766
14960
78003
92197
61921
14990
86766
75846
42481
21353
25284
84002
17428
94531
79322
36546
27965
38771
91467
39487
2380
42068
75987
49916
63635
98694
34118
74904
33202
85242
21308
81645
72519
62203
68463
46277
69640
42728
88424
69395
71287
74940
47350
37298
45186
77132
79203
40660
45980
75447
66905
40717
98412
26119
37296
9747
94250
70586
44475
80021
15038
27951
39761
62407
61815
97698
76304
62805
29613
98912
80719
80994
57889
94045
21704
74286
98283
24207
97355
81432
15390
64516
85733
87669
55185
77217
35741
27295
60551
58838
88033
71744
12989
4119
69549
22617
20390
48123
32430
34748
34219
75484
18665
17442
83938
72169
93447
6629
40148
61485
64516
84659
84314
82460
62078
20747
85210
10217
70571
39577
24016
44426
54197
43088
82740
15928
23327
8915
8501
45762
65713
15483
28251
68136
66905
70990
77587
14840
37364
79345
21022
45469
2120
44992
22635
30392
67025
40264
65930
35279
18839
34432
76342
15035
707
45748
64603
55329
95646
3496
2610
97208
4588
84990
56529
75037
97021
87688
8396
14509
15659
45833
49860
38130
96911
34308
58548
18191
36134
7871
35560
95765
4112
61681
7352
91427
95006
29571
84183
62307
89079
72347
78411
28113
85209
63527
19877
57430
63933
7438
12891
78306
87882
82269
22504
60976
47697
18052
32373
60051
91746
30101
47270
1972
17841
92073
42871
72251
91791
47176
32951
59998
17837
62514
52808
11244
42116
62111
60100
20797
72074
56221
8104
89276
71363
19955
21850
49761
99528
60000
34719
88593
74616
78857
7575
98598
70629
11210
50814
55034
54551
95010
58514
62200
98236
46967
32459
72873
96393
84949
20026
64547
95893
32658
59993
41549
58708
17923
94717
71360
71790
88728
95184
8758
4660
75230
14499
87944
53843
85168
25607
98807
23084
11640
46452
55033
36402
3762
65785
69303
50960
47791
3026
51331
84647
18118
21924
54811
14272
86385
12409
37235
82540
72697
8640
67131
59143
22707
99234
28573
13025
26859
98321
64080
47080
10131
23376
83286
36837
88379
46613
98893
4205
16570
60154
49994
35078
14442
27124
74504
75926
19565
72235
2731
96697
65598
53980
16410
73020
25420
25862
27214
22899
83183
22111
95593
60300
80645
29238
7476
13262
21937
90736
590
57184
10880
70395
46223
57786
89561
25222
16244
23029
86212
12879
36414
34074
6760
35483
45890
59024
50602
86095
34062
56230
69912
15532
44753
56525
89887
13075
74226
14827
11881
19431
47814
60600
37815
11524
95387
69684
85547
55109
26609
86213
53030
82745
32597
12476
76889
19594
3050
22604
39129
92447
72733
39915
82426
18912
43300
3475
78692
19845
68032
79987
58257
64591
682
2532
81674
49807
48402
14879
95321
45718
35463
48330
33869
45122
953
41229
71978
47202
85771
29898
22239
49231
28590
32570
35770
83392
7534
98501
65728
93505
13701
75637
40811
92534
20503
96626
5322
91124
97090
84003
95907
96946
16902
12390
95057
74989
10989
46833
31391
24516
82776
8916
25694
12025
32908
86939
31728
52731
31825
14785
47907
60060
59891
39195
58590
47455
56096
96445
66695
1540
94522
67279
73425
64202
75947
29951
35554
85946
64910
63186
29653
32085
3863
34387
42023
42659
68187
99031
32215
43012
19705
65930
29641
87896
42966
82341
42477
69656
64465
53179
4790
77931
30647
66626
22634
64716
92906
96386
83556
33264
89798
55924
92290
9579
57013
14934
80326
86581
12456
26119
99622
16446
73944
63144
15802
14218
25674
26230
86856
78624
49503
88295
88323
38268
17954
1041
48379
1349
96665
78383
21255
95354
3693
31616
88675
46711
9424
61695
56213
75786
79674
38946
92351
38858
58074
84376
95550
89040
36389
50409
12398
27973
42025
30244
50430
37039
67523
84845
14946
58350
15315
65861
45076
76915
78378
56230
30099
78840
52672
12661
79664
37384
70414
61557
73152
72653
55623
34430
81075
296
68710
55609
94487
82466
19538
93471
407
77919
60942
30412
46173
14114
38119
65811
14051
1380
57605
79880
11217
86853
79128
73658
76828
60728
9813
7527
22230
59333
37503
81179
49268
36395
61691
30852
86976
1979
52188
48197
22367
81251
65666
96692
17272
46297
95198
30698
17811
88019
53883
45911
69697
69551
83546
84908
59923
10780
85622
4657
34993
11395
67675
78644
11939
75938
52661
82035
56598
18208
72067
66480
38005
15263
98549
1638
75728
88217
650
89904
55089
66157
68739
65038
4826
2228
58275
92925
99491
62655
66342
87169
68398
35399
77766
10260
42421
96713
68721
25161
92293
74225
99833
69400
24506
50921
70675
76188
96986
23229
69420
1210
88856
29355
34344
62918
63603
75674
29507
125
87883
12105
45330
28385
10763
59045
75488
17848
59737
51762
87804
83699
30059
43531
22621
3829
95831
48147
1731
85358
74949
26137
44568
94019
53099
41678
4475
77963
98452
37740
71626
99979
57172
73760
5064
83318
629
5472
88873
43648
42973
24444
19438
13069
59500
40436
25415
69583
13689
12371
36733
17936
30216
57732
42941
9545
31476
7295
60756
18735
70458
5099
80292
57730
29239
89493
60289
45384
55368
68154
51497
99375
23820
86167
67248
58747
86467
33860
83858
24565
34574
68412
18142
92015
96721
90578
19068
43217
68395
33332
79731
90486
93811
20898
92700
72646
21096
1783
79326
57386
47769
44684
45698
80480
45174
70415
57424
30330
52287
72909
37307
73457
99790
73678
46353
40889
88019
37000
17582
73913
13072
73106
46637
18061
16939
31713
81941
67279
32139
47923
79313
32504
81645
77539
37353
51568
87135
47498
69683
61335
47240
71879
90269
66900
80273
82870
14080
2761
71172
47597
23066
91168
48012
42148
58847
13313
6044
56815
90768
16909
71095
47746
54736
77617
84102
44720
93054
29249
449
28753
15737
26241
39738
26895
49841
51381
81913
65690
6275
61245
34382
12601
29192
52721
98627
39831
32811
49295
47714
39238
23680
66488
9664
34116
98437
47895
12717
99908
5081
84701
18480
44108
3877
59457
31121
33868
11943
31018
28730
87625
77951
20799
35661
74988
93019
29905
23934
48007
52869
46144
59007
77481
94263
16480
36311
86366
57965
35849
95645
60993
40348
81801
97862
49137
17794
95035
79458
9129
44878
79847
54591
80004
42754
18287
12755
93312
47707
62959
63281
30609
6845
17805
64646
74550
42132
77008
84479
49068
4928
44923
681
21592
84968
61582
50209
12430
6018
91877
65925
88110
69720
83046
31773
70571
30273
7392
890
88740
70830
53615
95766
44642
22900
55867
59962
6251
74179
53457
56168
85135
3285
18219
7852
4325
8959
65901
83940
89521
91560
48736
76706
58361
33603
26400
70773
11175
53935
34150
50652
26220
41881
14307
57109
77623
17580
64740
87241
56769
71091
74264
22329
71261
89218
10242
65213
55903
9937
47933
1382
2167
40971
1625
74331
24936
87499
86823
59397
63691
56285
65046
41927
37983
47447
88666
63931
82752
61797
31083
22249
68804
26156
89395
60483
80167
97478
44830
3693
92637
52533
82739
15342
48437
79817
57911
15693
18287
23241
42121
51089
48035
50247
93547
23397
69780
99239
23537
45761
69981
39880
65765
80804
96671
15641
87817
16733
12763
79981
24562
33503
19778
12431
51839
55993
31371
12437
64335
67781
50828
92551
42569
63065
4071
9214
49022
81598
31968
14606
30729
16164
69363
28676
47002
43688
83070
88002
59991
21698
41924
14562
92460
8383
37458
89541
60376
8252
98214
62358
58873
96032
30953
42961
2132
10365
42559
43097
93833
9033
36034
34692
59946
24442
36251
43535
16637
82880
21274
48315
7771
46391
24961
88239
41980
13381
94722
87612
70479
92356
46080
59231
10021
98925
12238
4881
20159
72934
43114
45200
7568
21030
31936
39565
8318
94315
28226
96244
81770
73725
80634
31130
46216
38898
26907
21625
36523
35463
34771
68158
70666
10545
63170
18683
68523
20612
3710
59608
40975
35674
44929
52557
45949
10196
84712
78111
37674
38076
13072
15983
76272
8851
98744
85404
67487
27334
7240
19201
12665
30859
2902
82726
73509
81927
97372
62249
21935
4626
93053
51940
76054
39995
55157
25376
57314
66733
43220
53739
65830
53315
38295
10295
38446
3908
86469
77017
23070
90000
186
87580
54713
32569
20777
40256
96628
91754
36861
19000
21926
79021
27474
69177
36883
67801
79997
48084
4454
32201
94572
30136
43069
90961
52396
6703
27952
19910
61153
22963
84803
38039
93954
63178
55588
44979
36570
14414
36314
51848
43606
8636
20756
95212
42941
14265
92047
35246
82308
57034
33507
49594
84068
45140
76446
69734
69391
90636
26907
95307
59019
15802
67834
55570
60773
2439
36435
95812
19387
58011
8580
80039
17272
27243
72749
3744
71797
92592
27509
84963
31345
69117
547
93512
55062
33554
11014
59205
49435
73201
93097
34619
34069
50518
26442
8899
80448
98902
56163
33085
86280
48309
43419
76894
10031
